# featExtract 1.1
# Extraction Voxel Resolution (ijk) : 508 156 1893
# Extraction Voxel Size (mm)  (ijk) : 1.000000 1.000000 1.000000
# Feature Coordinate Space: voxels: 1.0 0.0 0.0 0.0 0.0 1.0 0.0 0.0 0.0 0.0 1.0 0.0 0.0 0.0 0.0 1.0
Features: 372
Scale-space location[x y z scale] orientation[o11 o12 o13 o21 o22 o23 o31 o32 o32] 2nd moment eigenvalues[e1 e2 e3] info flag[i1] descriptor[d1 .. d64]
198.577164	87.001244	1273.231079	3.685507	0.003863	0.730446	0.682959	0.999967	-0.007744	0.002627	0.007208	0.682926	-0.730452	0.379810	0.225524	0.078296	0	25	24	0	1	26	43	32	56	2	3	4	5	35	45	57	62	6	7	8	9	34	60	10	30	11	12	13	14	58	63	15	28	36	29	47	42	38	41	50	55	37	27	46	31	44	39	59	49	51	40	16	17	53	54	18	19	48	33	20	21	61	52	22	23	
198.577164	87.001244	1273.231079	3.685507	-0.794388	-0.000035	-0.607410	-0.607408	0.002753	0.794385	0.001644	0.999996	-0.002208	0.379810	0.225524	0.078296	32	25	62	0	43	1	54	2	3	22	53	36	61	4	5	6	7	29	47	30	46	32	56	26	41	40	58	31	49	24	39	8	23	63	37	44	28	55	33	9	10	52	35	60	38	11	12	13	14	48	27	50	15	57	34	42	16	59	17	51	18	45	19	20	21	
198.577164	87.001244	1273.231079	3.685507	-0.794388	-0.000035	-0.607410	0.607410	0.001302	-0.794388	0.000819	-0.999999	-0.001013	0.379810	0.225524	0.078296	32	29	47	23	50	0	42	1	58	31	49	36	57	2	3	4	44	5	45	6	63	7	8	9	55	22	61	27	53	10	11	12	13	48	30	46	33	41	25	56	38	51	26	60	32	21	14	39	24	40	28	62	37	15	16	54	35	59	43	52	34	17	18	19	20	
205.422318	87.004433	1282.970703	4.421266	-0.005942	-0.766913	0.641723	-0.999976	0.006883	-0.001033	0.003625	0.641714	0.766935	0.562865	0.145351	0.039530	0	36	34	42	38	45	47	50	51	0	1	2	3	52	39	61	49	46	37	4	5	55	57	6	7	8	9	10	11	62	53	40	12	13	14	15	16	58	44	56	33	41	17	43	18	54	35	60	19	20	21	22	23	59	24	25	26	48	27	28	29	63	30	31	32	
205.422318	87.004433	1282.970703	4.421266	-0.603662	0.000993	0.797240	-0.797233	0.003441	-0.603662	-0.003343	-0.999994	-0.001286	0.562865	0.145351	0.039530	32	37	63	28	44	0	1	2	3	39	59	36	55	4	5	6	7	8	61	9	47	10	34	11	12	13	57	14	51	15	43	16	17	62	56	40	18	19	30	20	21	58	54	53	42	22	31	23	24	60	52	46	35	32	33	25	26	50	48	49	41	38	45	29	27	
209.959351	87.005440	1288.283203	3.892282	-0.019958	-0.369521	-0.929008	-0.999789	0.011829	0.016774	0.004791	0.929147	-0.369679	0.422185	0.179310	0.027976	0	0	1	2	3	50	45	60	47	40	4	41	5	52	6	61	7	8	9	10	11	62	49	12	13	46	14	15	16	63	17	18	19	43	20	42	21	54	22	56	23	51	24	53	25	48	26	57	27	44	28	29	30	59	31	32	33	55	34	35	36	58	37	38	39	
209.959351	87.005440	1288.283203	3.892282	-0.612750	-0.000091	0.790277	0.790248	0.008422	0.612729	-0.006712	0.999965	-0.005089	0.422185	0.179310	0.027976	32	39	45	44	62	0	1	2	3	46	51	47	54	4	5	6	7	49	60	48	56	8	9	10	11	52	57	12	13	14	15	16	17	61	38	59	41	18	19	20	21	53	42	55	43	22	23	24	25	63	26	50	27	28	29	30	31	58	40	32	33	34	35	36	37	
216.253403	87.124252	1288.182861	3.866030	0.108641	-0.542509	-0.832995	-0.984655	-0.173847	-0.015199	-0.136568	0.821864	-0.553071	0.209272	0.162049	0.030161	0	44	0	46	1	50	2	60	3	4	5	6	7	53	8	58	9	47	10	11	12	62	13	14	15	16	17	18	19	63	20	21	22	51	23	52	24	48	25	54	26	45	27	28	29	57	30	59	31	56	32	33	34	55	35	36	37	38	39	40	41	61	42	49	43	
216.253403	87.124252	1288.182861	3.866030	-0.784630	-0.162625	0.598255	0.571694	0.183515	0.799680	-0.239837	0.969472	-0.051020	0.209272	0.162049	0.030161	32	47	42	43	59	0	1	2	3	40	53	32	58	46	4	5	6	52	51	50	49	7	8	9	10	45	55	37	31	38	11	12	13	63	30	44	34	54	14	15	16	62	41	17	39	56	18	19	20	61	21	57	48	35	22	23	24	60	36	25	29	33	26	27	28	
216.253403	87.124252	1288.182861	3.866030	-0.792561	0.433753	0.428610	0.397990	0.900477	-0.175342	-0.462008	0.031613	-0.886312	0.209272	0.162049	0.030161	32	0	47	48	63	1	2	3	37	4	41	5	59	6	7	8	38	45	50	44	61	9	10	11	12	33	57	35	43	13	14	15	16	40	42	49	56	17	18	19	52	34	51	20	54	21	22	23	62	55	53	36	46	24	25	26	27	58	60	28	39	29	30	31	32	
216.253403	87.124252	1288.182861	3.866030	-0.792561	0.433753	0.428610	-0.226040	-0.861779	0.454140	0.566351	0.263050	0.781057	0.209272	0.162049	0.030161	32	36	46	61	33	0	41	1	2	32	29	63	3	4	37	5	6	49	58	53	31	39	50	7	8	55	45	42	9	48	54	10	11	51	52	56	47	12	13	14	15	43	44	57	35	16	17	18	19	60	62	38	20	34	21	22	23	59	24	40	25	30	26	27	28	
275.411072	117.540146	1293.737305	3.994811	-0.530234	0.847846	0.002992	0.846018	0.529317	-0.063855	0.055723	0.031327	0.997955	0.200437	0.108124	0.023534	0	0	1	62	51	2	3	4	5	6	7	59	38	8	9	42	10	48	11	56	39	12	13	14	15	53	49	61	44	16	17	18	19	20	21	46	63	22	23	24	25	26	27	50	58	28	29	37	52	41	47	43	55	30	31	32	33	40	57	45	60	34	35	36	54	
330.409882	20.749756	1396.051392	4.253821	0.011691	0.961460	-0.274695	-0.607583	-0.211354	-0.765619	0.794170	-0.175851	-0.581696	0.216207	0.078686	0.016465	0	0	52	1	2	3	62	4	5	6	63	7	8	9	49	10	11	12	47	13	14	15	56	16	17	18	57	19	20	21	50	22	23	24	51	25	26	27	60	28	29	30	58	31	32	33	48	34	35	36	55	37	38	53	59	39	40	41	61	42	43	46	54	44	45	
330.409882	20.749756	1396.051392	4.253821	0.419741	0.406007	-0.811773	-0.861346	0.460179	-0.215216	0.286182	0.789553	0.542869	0.216207	0.078686	0.016465	32	46	53	43	44	0	1	2	3	32	61	50	55	4	5	6	7	63	60	40	35	8	9	10	11	36	58	12	13	14	15	16	17	57	49	39	31	18	19	20	21	54	41	59	47	22	23	24	25	62	56	37	42	48	33	26	27	51	52	45	30	38	34	28	29	
189.855713	49.833935	1058.014893	4.323034	-0.197908	0.968456	0.151414	0.871783	0.103281	0.478881	-0.448137	-0.226775	0.864723	0.236226	0.189800	0.175983	16	56	0	1	2	45	3	4	5	46	6	7	8	58	9	10	11	49	12	57	13	41	14	43	15	40	16	47	17	50	18	59	19	60	55	20	21	22	23	24	25	53	26	27	28	61	29	30	31	52	44	63	48	32	33	34	35	42	36	51	37	54	38	62	39	
189.855713	49.833935	1058.014893	4.323034	0.674359	-0.399143	0.621228	-0.732993	-0.260197	0.628505	-0.089222	-0.879194	-0.468035	0.236226	0.189800	0.175983	48	57	53	0	1	2	3	4	5	52	49	6	7	56	60	8	9	47	50	54	62	10	11	12	13	40	41	46	51	38	48	14	61	15	55	16	17	18	35	19	33	20	44	21	22	23	59	24	39	25	43	26	58	27	34	28	37	29	36	30	45	31	42	32	63	
189.855713	49.833935	1058.014893	4.323034	0.674359	-0.399143	0.621228	-0.615890	0.160057	0.771402	-0.407332	-0.902810	-0.137892	0.236226	0.189800	0.175983	48	57	43	0	1	2	3	4	5	52	39	6	7	60	51	8	9	61	47	50	58	10	11	12	13	53	41	40	45	55	54	14	37	15	56	16	17	18	38	19	20	21	42	22	23	24	59	25	26	27	49	28	62	29	36	30	31	32	44	33	48	34	63	35	46	
189.855713	49.833935	1058.014893	4.323034	-0.783757	-0.200431	0.587837	0.606344	-0.451807	0.654383	0.134430	0.869309	0.475637	0.236226	0.189800	0.175983	48	55	0	35	1	2	3	33	4	43	5	34	6	58	7	36	8	45	9	60	10	11	12	39	13	37	14	41	15	47	16	62	17	54	56	18	19	20	21	22	23	50	46	24	25	63	49	26	27	51	53	59	57	28	29	30	31	40	42	48	38	52	44	61	32	
189.855713	49.833935	1058.014893	4.323034	-0.453124	-0.400689	0.796321	0.891293	-0.220261	0.396335	0.016592	0.889345	0.456937	0.236226	0.189800	0.175983	48	55	0	33	1	35	2	32	3	47	4	5	6	58	7	40	8	44	9	56	10	34	11	36	12	37	13	48	14	41	15	62	16	51	60	17	18	19	20	21	22	54	61	23	24	52	53	25	26	45	49	63	50	27	28	29	30	42	43	57	38	46	39	59	31	
319.693115	63.202404	1062.678589	3.871731	-0.916312	0.362704	0.169758	-0.399430	-0.797310	-0.452496	0.028773	0.482434	-0.875460	0.244951	0.167800	0.040671	16	58	0	54	1	2	3	45	4	46	5	55	6	7	8	59	9	10	11	56	12	13	14	49	15	16	17	48	18	19	20	57	21	63	22	53	23	24	25	26	27	50	28	47	29	30	31	62	51	32	33	61	34	35	36	44	37	38	39	52	40	41	42	60	43	
319.693115	63.202404	1062.678589	3.871731	-0.815606	-0.413779	0.404443	0.527557	-0.244721	0.813508	-0.237637	0.876868	0.417888	0.244951	0.167800	0.040671	48	54	56	0	1	41	44	2	3	43	36	4	5	59	52	6	7	45	62	51	50	8	9	10	11	39	47	40	37	61	53	12	13	34	55	14	15	16	42	17	18	19	46	20	21	22	57	23	24	33	60	48	49	25	26	27	28	29	58	35	38	30	63	31	32	
279.112061	81.315689	1063.521851	3.881350	-0.629022	-0.221770	-0.745084	-0.546842	-0.554996	0.626852	-0.552535	0.801747	0.227831	0.211556	0.062738	0.039753	16	0	1	2	3	4	49	51	53	5	6	7	8	9	48	52	62	10	11	12	13	14	15	50	63	16	17	18	19	20	21	56	57	22	23	24	25	26	55	27	61	28	29	30	31	32	54	33	59	34	35	36	37	38	39	40	60	41	42	43	44	45	46	47	58	
279.112061	81.315689	1063.521851	3.881350	-0.804117	-0.041195	-0.593042	0.592665	-0.133260	-0.794349	-0.046306	-0.990225	0.131572	0.211556	0.062738	0.039753	48	57	43	46	0	1	2	3	4	63	5	47	6	7	8	9	10	49	11	58	12	13	14	15	16	51	17	62	18	19	20	21	22	54	60	44	23	24	25	26	27	61	55	28	29	30	31	32	33	53	50	59	52	34	35	36	37	48	45	56	38	39	40	41	42	
279.112061	81.315689	1063.521851	3.881350	-0.804117	-0.041195	-0.593042	-0.423495	-0.660402	0.620098	-0.417191	0.749781	0.513595	0.211556	0.062738	0.039753	48	56	55	0	1	2	3	4	5	52	62	6	7	8	9	10	11	54	50	51	59	12	13	14	15	48	47	46	53	16	17	18	19	45	57	20	44	21	22	23	24	25	63	26	27	28	29	30	31	32	49	33	60	34	35	36	37	38	58	39	61	40	41	42	43	
316.596558	69.484894	1079.587769	4.260608	0.935544	-0.316450	0.156896	0.350696	0.885109	-0.305931	0.042058	-0.341235	-0.939037	0.214423	0.186723	0.016549	16	0	1	62	2	3	4	5	6	7	8	55	9	10	11	61	12	13	14	57	15	16	17	18	19	20	21	54	22	23	24	56	25	26	27	63	28	29	30	50	31	32	33	51	34	35	36	60	37	38	39	58	40	41	42	53	43	44	45	52	46	47	48	59	49	
316.596558	69.484894	1079.587769	4.260608	-0.801441	-0.561116	0.206980	0.573484	-0.622787	0.532214	-0.169729	0.545238	0.820919	0.214423	0.186723	0.016549	48	56	51	30	0	41	38	1	2	42	39	3	4	60	52	5	6	47	63	50	40	7	8	9	10	43	48	34	32	58	54	11	12	13	57	14	15	16	31	17	18	19	49	20	21	33	59	22	23	44	61	55	46	24	25	26	27	37	53	45	36	35	62	28	29	
316.596558	69.484894	1079.587769	4.260608	-0.801441	-0.561116	0.206980	0.578817	-0.814819	0.032272	0.150543	0.145668	0.977813	0.214423	0.186723	0.016549	48	55	43	35	0	45	1	2	3	44	4	5	6	57	7	8	9	56	60	48	39	37	10	11	12	50	40	36	13	63	14	15	16	42	59	17	18	19	20	21	22	49	52	23	24	62	25	26	27	46	61	53	54	28	29	30	31	47	51	41	38	58	32	33	34	
201.150452	75.627029	1120.774170	4.058062	-0.050012	0.978954	0.197856	0.927262	-0.028088	0.373358	-0.371058	-0.202137	0.906342	0.216944	0.069370	0.025290	16	0	1	62	52	2	3	51	4	5	6	54	7	8	9	63	10	11	12	57	13	14	15	16	17	18	19	53	20	21	22	56	23	24	25	59	26	27	28	29	30	31	32	50	33	34	35	58	36	37	38	60	39	40	41	42	43	44	45	55	46	47	48	61	49	
201.150452	75.627029	1120.774170	4.058062	0.803484	-0.546030	0.237203	-0.565010	-0.824950	0.014880	0.187555	-0.145978	-0.971346	0.216944	0.069370	0.025290	48	60	47	0	1	2	3	4	5	59	57	6	7	8	53	9	10	63	49	52	51	11	12	13	14	48	45	42	41	15	43	16	17	40	54	18	19	20	21	22	23	24	55	25	26	27	56	28	29	61	58	30	44	31	32	33	34	46	62	35	36	37	50	38	39	
201.150452	75.627029	1120.774170	4.058062	0.803484	-0.546030	0.237203	-0.573210	-0.601977	0.555927	-0.160762	-0.582645	-0.796668	0.216944	0.069370	0.025290	48	58	38	0	1	2	3	4	5	61	42	6	7	51	52	8	9	62	44	46	56	10	11	12	13	59	36	34	39	40	41	14	15	49	57	16	17	18	19	20	21	60	53	22	23	55	47	24	25	63	54	37	45	26	27	28	29	50	48	32	33	43	35	30	31	
201.150452	75.627029	1120.774170	4.058062	-0.614992	-0.646655	0.451245	0.572666	-0.759664	-0.308161	0.542069	0.068896	0.837505	0.216944	0.069370	0.025290	48	57	0	1	2	3	4	5	6	62	7	8	9	51	10	11	12	59	55	49	13	14	15	16	17	63	44	40	18	41	19	20	21	50	60	22	23	24	25	26	27	61	56	28	29	54	30	31	32	48	52	53	58	33	34	35	36	47	45	43	46	42	37	38	39	
201.150452	75.627029	1120.774170	4.058062	-0.614992	-0.646655	0.451245	0.775978	-0.598021	0.200570	0.140154	0.473506	0.869568	0.216944	0.069370	0.025290	48	56	48	0	1	2	3	4	5	54	63	6	7	47	8	9	10	55	60	50	49	11	12	13	14	51	52	38	37	35	15	16	17	40	59	18	19	20	21	22	23	46	61	24	25	57	42	26	27	41	62	58	44	28	29	30	31	39	53	45	34	43	36	32	33	
222.534851	87.406151	1175.485229	4.241203	-0.628944	0.620840	-0.467960	-0.640248	-0.755071	-0.141246	0.441035	-0.210774	-0.872389	0.206062	0.111709	0.022494	16	0	1	51	2	50	3	61	4	5	6	7	8	54	9	58	10	11	12	55	13	14	15	59	16	17	18	19	20	21	22	56	23	24	25	48	26	49	27	52	28	29	30	31	32	62	33	57	34	35	36	53	37	38	39	63	40	41	42	43	44	45	46	60	47	
222.534851	87.406151	1175.485229	4.241203	-0.546298	-0.809218	0.216161	-0.793299	0.582693	0.176480	-0.268766	-0.075069	-0.960276	0.206062	0.111709	0.022494	48	56	54	49	39	0	1	2	3	62	55	4	5	6	7	8	9	48	43	59	46	10	11	12	13	47	42	60	44	14	15	16	17	18	58	19	40	20	21	22	23	45	63	24	41	25	26	27	28	29	52	50	57	30	31	32	33	34	53	51	61	35	36	37	38	
222.534851	87.406151	1175.485229	4.241203	-0.546298	-0.809218	0.216161	0.767825	-0.586947	-0.256783	0.334668	0.025693	0.941986	0.206062	0.111709	0.022494	48	57	49	54	0	1	2	3	4	61	53	55	5	6	7	8	9	40	10	56	38	11	12	13	14	43	15	63	50	16	17	18	19	46	59	42	52	20	21	22	23	45	60	41	47	24	25	26	27	39	44	51	58	28	29	30	31	32	33	48	62	34	35	36	37	
310.296204	94.526154	1194.744995	3.955831	-0.124875	0.990207	0.062414	0.876650	0.080658	0.474319	-0.464640	-0.113946	0.878138	0.207411	0.048251	0.039341	16	0	1	63	2	3	4	5	6	7	8	54	9	10	11	62	12	13	14	57	15	16	17	18	19	20	21	53	22	23	24	58	25	26	27	59	28	29	30	31	32	33	34	52	35	36	37	56	38	39	40	61	41	42	43	51	44	45	46	55	47	48	49	60	50	
310.296204	94.526154	1194.744995	3.955831	0.791128	-0.408302	0.455418	-0.578794	-0.258992	0.773253	-0.197772	-0.875336	-0.441219	0.207411	0.048251	0.039341	48	57	43	0	1	2	3	4	5	60	42	6	7	53	8	9	10	59	48	41	47	11	12	13	14	63	15	38	39	37	16	17	18	58	56	19	20	21	22	23	24	62	51	25	26	50	27	28	29	61	55	45	52	30	31	32	33	54	49	44	46	40	34	35	36	
320.244324	94.516197	1203.949097	3.878432	-0.665867	0.736596	-0.118518	-0.729784	-0.676072	-0.101693	0.155034	-0.018778	-0.987731	0.210887	0.072986	0.013916	16	0	1	2	3	4	5	58	48	6	7	8	9	10	11	61	53	12	13	14	15	16	17	62	18	19	20	21	22	23	24	59	25	26	27	28	29	30	49	54	52	31	32	33	34	35	50	55	60	36	37	38	39	40	41	63	51	42	43	44	45	46	47	56	57	
320.244324	94.516197	1203.949097	3.878432	-0.850523	-0.404223	0.336475	-0.486251	0.360558	-0.795964	0.200428	-0.840596	-0.503216	0.210887	0.072986	0.013916	48	57	48	52	0	1	2	3	4	54	46	62	5	6	7	8	9	44	10	60	11	12	13	14	15	16	17	63	18	19	20	21	22	61	55	43	23	24	25	26	27	50	58	42	40	28	29	30	31	47	49	59	56	32	33	34	35	41	45	53	51	36	37	38	39	
180.482681	74.618362	1243.527954	4.222970	-0.049366	0.114170	0.992234	0.614398	0.786715	-0.059954	0.787451	-0.606667	0.108982	0.199516	0.110285	0.031140	16	58	0	1	2	49	3	4	5	6	7	8	9	59	10	11	12	61	13	53	14	48	15	50	16	17	18	19	20	60	21	56	22	63	23	24	25	51	26	27	28	29	30	31	32	62	52	33	34	57	35	47	36	45	37	44	38	39	40	41	42	55	46	54	43	
215.750122	106.500732	1248.596802	3.924308	-0.468960	0.746166	0.472559	0.866422	0.284804	0.410121	-0.171431	-0.601766	0.780057	0.182904	0.121318	0.022030	16	0	1	59	61	2	3	47	4	5	6	51	43	7	8	62	9	10	11	56	44	12	13	45	14	15	16	50	17	18	19	60	20	21	22	46	63	23	24	25	26	27	42	49	53	28	29	52	30	31	32	48	58	33	34	35	36	37	38	55	54	39	40	57	41	
215.750122	106.500732	1248.596802	3.924308	-0.211012	-0.538145	0.816011	0.190248	-0.841454	-0.505728	0.958791	0.048530	0.279938	0.182904	0.121318	0.022030	48	57	39	0	1	41	2	3	4	46	5	6	7	59	8	9	10	62	53	44	11	42	12	13	14	52	15	16	17	63	18	19	20	54	58	21	22	23	24	25	26	61	51	27	28	56	29	30	31	49	60	48	55	32	33	34	35	45	47	40	43	50	36	37	38	
295.167786	74.663658	1250.654541	4.181097	-0.898579	0.438595	0.013821	0.412676	0.833932	0.366409	-0.149179	-0.334951	0.930351	0.236788	0.161454	0.036804	16	58	51	0	1	2	3	4	5	49	50	6	7	8	62	9	10	52	46	56	59	11	12	13	14	48	47	41	45	15	61	16	17	18	55	19	20	21	43	22	23	24	44	25	26	27	57	28	29	30	54	31	60	32	33	34	35	36	53	37	42	38	63	39	40	
295.167786	74.663658	1250.654541	4.181097	-0.781165	0.457211	-0.425136	0.424697	0.888274	0.174933	0.457618	-0.043902	-0.888064	0.236788	0.161454	0.036804	48	56	41	0	1	46	2	3	4	43	5	6	7	57	8	9	10	59	53	42	11	52	12	13	14	44	15	16	17	63	18	19	20	54	58	21	22	23	24	25	26	51	50	27	28	61	29	30	31	55	60	49	48	32	33	34	35	47	45	36	37	62	38	39	40	
295.167786	74.663658	1250.654541	4.181097	-0.781165	0.457211	-0.425136	0.614507	0.442781	-0.652937	-0.110288	-0.771300	-0.626844	0.236788	0.161454	0.036804	48	53	55	0	1	47	44	2	3	36	29	4	5	59	48	6	7	52	62	50	43	34	38	8	9	40	45	31	33	60	58	10	11	28	56	12	13	14	41	15	16	17	46	18	19	39	57	20	21	42	61	51	49	22	23	24	25	30	54	32	37	35	63	26	27	
295.167786	74.663658	1250.654541	4.181097	-0.781165	0.457211	-0.425136	0.564836	0.807657	-0.169264	0.265975	-0.372355	-0.889162	0.236788	0.161454	0.036804	48	55	45	0	1	46	32	2	3	39	31	4	5	57	33	6	7	54	61	40	43	48	8	9	10	42	36	11	12	63	13	14	15	41	59	16	17	35	34	18	19	37	51	20	21	53	56	22	23	52	62	50	47	24	25	26	27	44	49	38	28	60	58	29	30	
295.167786	74.663658	1250.654541	4.181097	-0.432332	0.864731	-0.255595	0.898675	0.389949	-0.200805	-0.073973	-0.316512	-0.945700	0.236788	0.161454	0.036804	48	55	42	40	0	39	1	2	3	43	4	5	6	63	7	8	9	46	48	57	49	10	11	12	13	53	45	52	38	61	14	15	16	36	58	17	18	33	32	19	20	34	47	21	22	51	60	23	24	41	56	62	35	25	26	27	28	37	50	54	29	44	59	30	31	
295.167786	74.663658	1250.654541	4.181097	-0.432332	0.864731	-0.255595	-0.772547	-0.501395	-0.389582	-0.465038	0.029031	0.884815	0.236788	0.161454	0.036804	48	59	57	47	44	0	1	2	3	54	49	38	48	4	5	6	52	7	8	53	61	9	10	11	12	13	14	39	50	15	16	17	63	41	56	46	51	18	19	20	37	21	45	40	55	22	23	24	62	25	26	27	58	28	29	30	42	31	32	33	43	34	35	36	60	
307.427094	112.478188	1256.566650	4.168689	-0.779171	0.593107	0.202773	-0.625598	-0.755969	-0.192713	-0.038990	0.277011	-0.960075	0.206578	0.116113	0.020731	16	0	1	59	2	3	4	52	45	5	6	7	8	9	10	62	58	11	12	61	13	14	15	53	48	16	17	18	19	20	21	55	50	22	23	51	24	25	47	44	54	26	27	28	29	30	46	31	63	32	33	56	34	35	36	49	60	37	38	39	40	41	42	43	57	
307.427094	112.478188	1256.566650	4.168689	-0.825966	-0.430411	0.364042	0.395950	-0.902621	-0.168819	0.401254	0.004704	0.915955	0.206578	0.116113	0.020731	48	58	53	40	37	0	1	2	3	61	47	4	5	59	6	7	8	52	55	48	57	9	10	11	12	51	45	13	49	50	14	15	16	17	56	18	42	19	20	21	22	54	62	23	46	41	24	25	26	34	44	35	60	36	27	28	29	39	43	30	63	38	31	32	33	
307.427094	112.478188	1256.566650	4.168689	-0.825966	-0.430411	0.364042	-0.488183	0.223216	-0.843714	0.281884	-0.874598	-0.394488	0.206578	0.116113	0.020731	48	56	40	44	0	1	2	3	4	61	47	59	5	6	7	37	8	46	9	58	10	11	12	13	14	42	15	63	16	17	18	55	19	48	60	20	36	21	22	23	24	54	62	38	25	26	27	39	28	52	50	57	49	29	30	31	32	43	45	53	41	33	34	51	35	
389.745941	68.932556	1264.580933	3.925160	-0.223239	0.912654	-0.342384	-0.127734	0.320830	0.938484	-0.966358	-0.253241	-0.044956	0.199546	0.119599	0.051276	16	57	0	1	2	3	4	5	6	51	7	8	9	58	10	44	11	50	12	60	13	14	15	16	17	46	18	49	19	48	20	59	21	63	22	23	24	25	26	27	28	55	29	30	31	56	32	53	33	54	34	62	35	36	37	38	39	45	40	47	41	52	42	61	43	
389.745941	68.932556	1264.580933	3.925160	-0.798684	-0.015661	0.601546	0.597263	-0.142489	0.789287	0.073352	0.989673	0.123158	0.199546	0.119599	0.051276	48	57	0	1	2	3	4	5	6	47	7	8	9	60	10	11	12	63	45	41	48	13	14	15	16	56	17	37	38	62	18	19	20	46	59	21	22	23	24	25	26	39	58	27	28	55	54	29	30	49	61	50	53	31	32	33	34	44	52	42	40	51	43	35	36	
389.745941	68.932556	1264.580933	3.925160	-0.798684	-0.015661	0.601546	0.399534	0.733719	0.549571	-0.449973	0.679272	-0.579753	0.199546	0.119599	0.051276	48	53	57	0	1	2	3	4	5	44	50	6	7	54	61	8	9	49	55	59	51	10	11	12	13	43	48	46	14	42	52	15	16	17	56	18	19	20	21	22	23	24	47	25	26	27	60	28	29	30	63	31	45	32	33	34	35	36	62	37	38	39	58	40	41	
317.391602	86.816589	1269.321167	4.236508	-0.703723	-0.333102	0.627549	-0.336483	0.934198	0.118545	-0.625742	-0.127737	-0.769500	0.221304	0.095346	0.032984	16	55	0	1	2	38	40	3	4	62	44	5	6	49	7	8	9	50	10	57	11	41	45	39	12	58	13	59	14	15	16	17	18	61	48	19	20	21	22	23	24	54	46	25	26	60	51	27	28	63	29	56	30	31	32	33	34	53	42	52	35	47	43	36	37	
317.391602	86.816589	1269.321167	4.236508	0.816425	-0.042300	0.575899	-0.575913	0.013093	0.817406	-0.042117	-0.999019	-0.013671	0.221304	0.095346	0.032984	48	59	53	44	0	1	2	3	4	50	62	41	5	6	40	7	8	45	49	60	51	35	38	9	36	39	48	47	54	10	43	11	12	13	57	14	34	15	16	17	18	19	63	20	37	21	56	22	23	24	46	25	58	26	27	28	29	30	55	31	61	32	52	33	42	
207.422043	81.059235	1270.798706	4.155287	-0.026050	0.916118	0.400061	-0.994457	-0.064531	0.083017	0.101870	-0.395680	0.912721	0.273208	0.176927	0.031117	16	0	1	2	3	55	58	52	38	4	5	6	7	54	43	47	8	9	10	11	12	50	45	61	53	13	35	14	15	44	16	56	17	18	19	20	21	59	57	40	37	22	23	24	25	63	39	48	26	27	28	29	30	51	42	60	46	31	32	33	34	49	36	62	41	
207.422043	81.059235	1270.798706	4.155287	-0.842726	-0.080266	0.532325	-0.454228	0.636751	-0.623078	-0.288947	-0.766881	-0.573065	0.273208	0.176927	0.031117	48	45	55	58	35	0	1	2	3	34	60	61	31	4	39	5	6	33	50	56	37	7	8	9	10	46	53	62	43	11	38	12	13	41	59	14	36	15	16	17	18	52	63	19	32	20	42	21	22	44	47	57	49	23	24	25	26	51	48	54	40	27	28	29	30	
208.481049	80.996712	1272.299805	4.396226	0.050991	-0.896772	-0.439545	-0.997971	-0.028956	-0.056696	0.038116	0.441544	-0.896430	0.324697	0.178182	0.025580	16	0	1	2	3	56	61	48	40	4	5	6	7	57	42	44	8	9	10	11	12	49	46	60	51	13	36	14	15	47	16	55	17	18	19	20	21	62	54	38	39	22	23	24	25	63	37	35	26	27	28	29	30	50	45	58	52	31	32	33	34	53	41	59	43	
208.481049	80.996712	1272.299805	4.396226	-0.875933	-0.004349	0.482413	-0.404272	0.552286	-0.729071	-0.263259	-0.833643	-0.485524	0.324697	0.178182	0.025580	48	47	52	60	39	0	1	2	3	42	56	62	33	4	5	6	7	37	50	54	41	8	9	10	11	46	59	61	43	12	13	14	15	38	57	36	40	16	17	18	19	45	63	20	34	21	22	23	24	44	48	53	49	25	26	27	28	51	58	55	35	29	30	31	32	
208.481049	80.996712	1272.299805	4.396226	-0.875933	-0.004349	0.482413	0.482313	0.014344	0.875881	-0.010729	0.999888	-0.010466	0.324697	0.178182	0.025580	48	53	45	54	35	0	1	2	3	43	38	63	39	4	5	6	7	49	8	56	47	9	10	11	12	61	13	58	40	14	15	16	17	48	57	37	41	18	19	20	21	46	55	51	60	22	23	24	25	50	34	36	59	26	27	28	29	44	42	52	62	30	31	32	33	
197.244644	68.531517	1273.514282	3.777600	-0.580013	0.730183	-0.361135	0.761730	0.643274	0.077239	-0.288708	0.230288	0.929309	0.215699	0.058813	0.032420	16	58	45	0	1	57	51	2	3	4	5	6	7	59	50	8	9	53	44	10	11	52	49	12	13	14	15	16	17	55	62	18	19	46	48	20	21	47	60	22	23	24	25	26	27	42	56	28	29	30	43	31	32	33	63	34	35	36	37	38	39	54	61	40	41	
197.244644	68.531517	1273.514282	3.777600	-0.390220	0.432791	-0.812663	0.169788	0.901324	0.398480	0.904931	0.017515	-0.425197	0.215699	0.058813	0.032420	48	55	57	45	39	38	40	0	1	62	53	2	3	49	36	4	5	54	60	51	48	6	7	8	9	50	47	10	46	41	37	11	12	13	58	14	15	16	17	18	19	43	63	20	21	22	23	24	25	42	59	26	52	27	44	28	29	30	61	31	56	32	33	34	35	
197.244644	68.531517	1273.514282	3.777600	-0.390220	0.432791	-0.812663	-0.813942	0.250424	0.524200	0.430379	0.866014	0.254546	0.215699	0.058813	0.032420	48	56	41	0	1	2	3	4	5	63	45	6	7	8	9	10	11	59	42	53	48	12	13	14	15	62	16	43	17	50	18	46	19	52	57	20	21	22	23	24	25	58	60	26	27	28	29	30	31	61	54	51	49	32	33	34	35	47	55	44	40	38	36	39	37	
383.958832	43.433731	1280.741821	3.931495	-0.128470	0.867242	0.481028	-0.768762	-0.393509	0.504139	-0.626499	0.305029	-0.717256	0.224198	0.064853	0.041591	16	56	0	1	2	3	4	5	6	53	7	8	9	58	10	11	12	63	13	14	15	16	17	18	19	54	20	21	22	61	23	24	25	60	26	27	28	55	29	30	31	52	32	33	34	62	35	36	37	59	38	39	40	50	41	42	43	51	44	45	46	57	47	48	49	
383.958832	43.433731	1280.741821	3.931495	0.422774	0.396786	0.814754	0.574207	0.578262	-0.579569	-0.701105	0.712863	0.016637	0.224198	0.064853	0.041591	48	58	0	42	1	2	3	4	5	63	6	47	7	8	9	10	11	49	12	60	13	14	15	16	17	51	18	62	19	20	21	50	22	53	61	41	44	23	24	25	26	56	57	27	28	29	30	31	32	43	52	59	55	33	34	35	36	45	48	54	46	37	38	39	40	
383.958832	43.433731	1280.741821	3.931495	0.732039	0.364029	0.575849	-0.681144	0.375285	0.628653	0.012741	-0.852434	0.522679	0.224198	0.064853	0.041591	48	59	50	0	1	2	3	4	5	58	56	6	7	47	54	8	9	60	45	57	44	10	11	12	13	51	46	48	42	14	40	15	16	38	55	17	18	19	20	21	22	43	62	23	24	37	52	25	26	41	61	49	53	27	28	29	30	31	63	32	39	33	36	34	35	
383.958832	43.433731	1280.741821	3.931495	-0.365286	0.463784	0.807138	0.216639	0.885602	-0.410825	-0.905336	0.024789	-0.423971	0.224198	0.064853	0.041591	48	59	53	0	1	2	3	4	5	61	52	6	7	8	9	10	11	57	54	56	51	12	13	14	15	49	47	50	46	16	17	18	19	20	58	21	45	22	23	24	25	26	63	27	28	29	30	31	32	33	60	34	55	35	36	37	38	39	62	40	48	41	42	43	44	
383.782410	112.370827	1280.563721	3.930301	-0.078716	0.615335	0.784325	0.606555	0.653939	-0.452167	-0.791135	0.440143	-0.424710	0.218264	0.065637	0.023446	16	53	0	60	1	2	3	4	5	6	7	55	8	9	10	61	11	12	13	59	14	15	16	47	17	18	19	51	20	21	22	57	23	52	24	58	25	26	27	48	28	29	30	50	31	32	33	56	34	35	36	62	37	38	39	54	40	41	42	49	43	44	45	63	46	
383.782410	112.370827	1280.563721	3.930301	0.579277	-0.020744	0.814867	-0.636509	-0.636007	0.436294	0.509210	-0.771405	-0.381628	0.218264	0.065637	0.023446	48	56	44	0	1	2	3	4	5	63	54	6	7	8	9	10	11	61	48	50	51	12	13	14	15	60	45	16	40	17	18	19	20	47	59	21	22	23	24	25	26	55	62	27	28	29	43	30	31	57	58	46	53	32	33	34	35	49	52	42	41	36	37	38	39	
183.540421	68.327896	1281.092041	4.067303	-0.173604	0.982975	0.060176	-0.974743	-0.162791	-0.152890	0.140491	0.085198	-0.986409	0.193007	0.089035	0.015916	16	49	62	0	1	2	3	4	5	51	50	6	7	47	60	8	9	44	63	10	11	12	13	14	15	46	42	16	17	40	57	18	19	58	52	20	21	22	23	24	25	45	48	26	27	53	56	28	29	61	54	30	31	32	33	34	35	41	43	36	37	55	59	38	39	
183.540421	68.327896	1281.092041	4.067303	0.798046	0.570466	-0.194139	-0.578633	0.815402	0.017428	0.168244	0.098427	0.980819	0.193007	0.089035	0.015916	48	59	45	0	1	2	3	4	5	58	62	6	7	8	42	9	10	57	55	47	54	11	12	13	14	46	50	35	41	15	37	16	17	61	44	18	19	20	38	21	22	51	53	23	24	39	60	25	26	63	34	56	40	27	32	28	29	52	49	36	33	43	48	30	31	
249.008408	100.126526	1282.740479	4.309934	-0.715062	0.683521	0.146581	0.040206	-0.169124	0.984774	-0.697904	-0.710068	-0.093453	0.203080	0.162124	0.011787	16	59	0	34	1	45	47	2	3	55	4	28	5	63	6	7	8	33	9	56	10	40	41	39	48	44	11	61	12	57	13	37	14	53	51	36	60	15	35	16	17	50	42	31	43	52	18	19	20	21	22	54	62	23	32	24	46	30	27	58	49	38	25	29	26	
249.008408	100.126526	1282.740479	4.309934	0.556293	-0.172094	0.812971	0.819868	-0.045833	-0.570715	0.135477	0.984014	0.115597	0.203080	0.162124	0.011787	48	53	38	48	0	32	35	54	51	63	46	43	1	33	36	2	3	42	4	57	5	6	7	8	31	44	9	62	10	11	12	13	14	45	56	37	40	15	34	16	55	61	60	17	18	19	30	20	21	41	49	58	52	22	23	24	25	39	47	59	50	26	27	28	29	
249.008408	100.126526	1282.740479	4.309934	0.556293	-0.172094	0.812971	-0.735011	0.354518	0.577993	-0.387682	-0.919076	0.070725	0.203080	0.162124	0.011787	48	58	49	34	40	0	1	2	3	54	59	44	43	4	5	6	7	48	38	52	56	51	8	36	9	41	10	53	61	11	12	13	14	35	57	15	47	42	16	17	18	19	62	20	50	21	22	23	24	31	46	33	55	60	45	32	37	25	26	27	63	29	30	28	39	
317.837708	74.499275	1283.580688	4.280102	0.069346	-0.592066	-0.802900	0.833682	0.476407	-0.279303	0.547873	-0.649995	0.526632	0.190982	0.171849	0.044845	16	59	0	1	2	48	3	4	5	47	6	7	8	55	44	9	10	63	11	12	13	46	14	15	16	50	17	18	19	62	20	21	22	54	53	23	24	45	57	25	26	27	28	29	30	49	58	31	32	60	52	33	34	43	56	35	36	42	37	38	39	51	61	40	41	
317.837708	74.499275	1283.580688	4.280102	0.438714	0.325910	0.837444	0.893044	-0.054403	-0.446669	-0.100015	0.943834	-0.314919	0.190982	0.171849	0.044845	48	59	36	53	0	1	2	3	4	42	5	44	6	58	7	60	8	9	10	56	11	12	13	38	14	15	16	50	17	18	19	57	20	55	61	41	52	21	22	23	24	49	45	46	40	48	25	54	26	43	27	62	47	28	29	39	30	31	32	63	37	33	34	51	35	
330.082825	80.323822	1283.331055	4.429845	-0.018438	-0.393652	-0.919075	0.994470	0.087831	-0.057569	0.103386	-0.915054	0.389856	0.208607	0.067694	0.025933	16	53	0	1	2	58	3	4	5	62	51	6	7	8	9	10	11	61	12	13	14	57	15	16	17	59	48	18	19	20	21	22	23	47	24	25	26	52	63	27	28	46	55	29	30	31	56	32	33	45	34	35	36	49	50	37	38	44	54	39	40	41	60	42	43	
330.082825	80.323822	1283.331055	4.429845	-0.021376	0.583993	0.811477	-0.001399	0.811644	-0.584151	-0.999771	-0.013622	-0.016533	0.208607	0.067694	0.025933	48	45	61	0	1	2	3	4	5	59	50	6	7	55	56	8	9	10	62	11	40	12	13	14	15	43	47	16	38	46	48	17	18	60	52	19	20	21	22	23	24	63	51	25	26	37	27	28	29	57	58	53	54	30	31	32	33	49	44	41	42	39	34	35	36	
312.844238	74.514084	1287.354492	3.926913	0.734579	-0.103613	-0.670566	0.137329	-0.945116	0.296475	0.664481	0.309872	0.680033	0.186182	0.171687	0.036226	16	56	45	0	1	2	3	4	5	57	46	6	7	53	54	8	9	63	44	10	11	12	13	14	15	60	47	16	17	50	52	18	19	48	55	20	21	22	23	24	25	26	49	27	28	29	58	30	31	59	61	32	33	34	35	36	37	43	51	38	39	40	62	41	42	
312.844238	74.514084	1287.354492	3.926913	0.793427	0.232000	0.562717	-0.606410	0.221784	0.763596	0.052353	-0.947094	0.316657	0.186182	0.171687	0.036226	48	56	63	0	45	1	2	3	4	43	49	5	39	6	61	7	48	42	37	58	60	8	9	10	35	11	54	12	55	13	40	14	52	15	62	16	38	17	18	19	20	21	51	22	36	23	57	24	50	34	46	33	53	25	26	27	44	28	47	29	41	30	31	32	59	
312.844238	74.514084	1287.354492	3.926913	0.793427	0.232000	0.562717	0.590092	-0.066549	-0.804588	-0.149217	0.970437	-0.189703	0.186182	0.171687	0.036226	48	56	0	44	1	45	2	3	4	46	5	38	6	59	7	8	9	42	10	61	11	12	13	14	15	40	16	51	17	58	18	55	19	57	60	37	41	35	20	21	22	62	36	49	23	54	24	25	26	48	43	63	47	27	28	29	30	39	34	50	31	53	32	52	33	
253.468170	113.741859	1288.463867	4.254824	-0.614700	0.752134	-0.237568	0.404506	0.559170	0.723673	-0.677140	-0.348744	0.647965	0.186832	0.152732	0.043226	16	39	0	63	1	2	3	4	5	6	7	59	8	9	10	57	11	53	12	56	13	14	15	44	16	17	18	50	19	20	21	58	22	51	49	61	45	23	24	25	26	27	28	47	41	29	30	52	43	60	54	48	37	31	32	46	42	33	34	40	38	35	36	62	55	
253.468170	113.741859	1288.463867	4.254824	0.032375	-0.480497	0.876399	0.882179	0.425902	0.200918	-0.469800	0.766636	0.437673	0.186832	0.152732	0.043226	48	45	60	0	56	1	2	3	4	34	63	5	41	6	35	7	8	52	38	48	59	9	10	11	12	43	39	36	57	13	14	15	16	55	51	17	18	19	20	21	22	37	62	23	24	25	58	26	27	50	33	61	44	28	29	30	31	40	42	53	54	32	46	49	47	
253.468170	113.741859	1288.463867	4.254824	0.032375	-0.480497	0.876399	-0.302926	-0.840331	-0.449532	0.952464	-0.250930	-0.172761	0.186832	0.152732	0.043226	48	0	47	62	56	1	2	3	4	33	44	55	35	39	42	59	5	52	6	54	7	8	9	10	11	53	12	63	13	14	15	40	16	51	58	36	43	17	18	19	20	57	60	34	21	22	38	23	24	61	46	50	48	25	26	27	28	49	41	45	37	29	30	31	32	
183.317810	68.411621	1289.013794	4.120766	0.015935	0.995296	-0.095562	0.976071	0.005246	0.217390	-0.216869	0.096739	0.971396	0.193015	0.088650	0.022700	16	56	53	0	1	2	3	4	5	47	50	6	7	52	57	8	9	61	59	10	11	12	13	14	15	44	46	16	17	54	60	18	19	45	55	20	21	22	49	23	24	25	43	26	27	28	58	29	30	48	62	31	32	33	51	34	35	36	42	37	38	39	63	40	41	
183.317810	68.411621	1289.013794	4.120766	-0.808021	0.587552	-0.043407	0.588628	0.808217	-0.017364	0.024880	-0.039581	-0.998907	0.193015	0.088650	0.022700	48	58	34	0	1	2	3	4	5	60	42	6	7	55	41	8	9	62	54	45	10	11	12	13	14	63	39	35	15	40	36	16	17	48	61	18	19	20	21	22	23	43	52	24	25	53	57	26	27	56	59	50	49	28	29	30	31	46	51	38	37	44	47	32	33	
273.018799	74.425980	1291.841187	4.108828	0.226567	-0.067347	-0.971664	-0.965630	0.114936	-0.233126	-0.127379	-0.991087	0.038992	0.197209	0.143607	0.032422	16	59	0	1	2	53	3	4	5	6	7	8	9	57	10	11	12	61	13	14	15	55	16	17	18	51	19	20	21	62	46	22	23	49	58	24	25	47	52	26	27	28	29	30	31	48	56	32	33	45	60	34	35	44	54	36	37	38	39	40	41	50	63	42	43	
273.018799	74.425980	1291.841187	4.108828	0.067719	0.582151	-0.810256	-0.031010	0.812956	0.581499	0.997222	-0.014253	0.073105	0.197209	0.143607	0.032422	48	58	53	0	1	41	2	3	4	45	43	5	6	61	51	7	8	56	57	54	49	38	9	10	11	46	44	40	39	60	47	12	13	14	55	15	16	17	18	19	20	21	50	22	23	24	59	25	26	27	63	28	48	29	30	31	32	33	62	34	37	42	52	35	36	
295.626129	111.663788	1295.844482	4.167349	-0.916769	-0.256514	0.306162	0.391047	-0.420318	0.818789	-0.081345	0.870364	0.485643	0.509645	0.157564	0.070030	16	0	61	1	48	44	47	38	42	2	36	3	31	4	63	5	6	7	27	8	62	39	9	49	45	10	28	11	56	12	60	13	52	14	55	15	33	40	46	35	54	29	43	32	30	16	58	17	18	19	41	20	57	21	22	34	51	23	37	24	53	25	59	26	50	
295.626129	111.663788	1295.844482	4.167349	-0.844139	0.378591	-0.379603	0.516844	0.386483	-0.763874	-0.142486	-0.841011	-0.521918	0.509645	0.157564	0.070030	48	55	41	40	27	49	26	0	1	35	2	52	3	56	25	22	4	46	5	62	42	38	6	7	8	34	9	36	10	63	11	44	12	48	58	24	37	28	43	13	14	39	29	61	15	45	53	23	16	31	59	51	57	17	18	19	20	32	47	33	30	60	54	50	21	
295.626129	111.663788	1295.844482	4.167349	-0.844139	0.378591	-0.379603	-0.067200	-0.777183	-0.625677	-0.531897	-0.502649	0.681491	0.509645	0.157564	0.070030	48	62	46	43	0	23	37	1	2	34	31	3	4	47	63	5	6	55	27	53	60	7	8	9	10	36	32	24	44	54	61	11	45	38	52	25	42	12	48	13	14	58	33	15	16	26	56	17	18	28	49	39	57	19	40	20	29	51	35	50	30	22	59	21	41	
250.564774	131.331146	1296.600098	4.316495	-0.974612	0.204706	-0.090703	-0.038276	-0.551469	-0.833317	0.220605	0.808689	-0.545304	0.427586	0.285812	0.113202	16	0	42	62	54	1	2	46	3	4	5	43	36	6	7	63	51	8	9	58	40	10	11	12	13	14	15	48	16	17	18	57	19	20	56	33	60	21	22	23	24	25	47	34	44	26	53	39	61	27	38	49	59	28	29	30	31	32	37	41	45	35	50	52	55	
250.564774	131.331146	1296.600098	4.316495	0.847421	-0.204860	-0.489807	0.368983	-0.436091	0.820777	-0.381745	-0.876274	-0.293963	0.427586	0.285812	0.113202	48	56	40	0	1	43	2	3	4	44	5	6	7	57	8	9	10	48	45	53	51	38	11	50	12	34	31	32	13	46	33	61	30	54	58	14	15	16	17	18	19	55	41	20	21	62	22	23	24	42	47	59	60	25	26	36	27	39	35	52	37	49	28	63	29	
250.564774	131.331146	1296.600098	4.316495	0.847421	-0.204860	-0.489807	0.169063	-0.770412	0.614722	-0.503285	-0.603736	-0.618229	0.427586	0.285812	0.113202	48	52	53	27	29	44	31	28	0	39	1	2	3	57	33	32	4	40	37	61	45	30	5	48	6	26	7	38	8	50	9	62	25	42	59	10	11	12	13	14	15	43	51	16	17	60	49	18	19	34	58	56	54	20	21	22	23	35	47	46	41	63	36	55	24	
250.564774	131.331146	1296.600098	4.316495	0.847421	-0.204860	-0.489807	-0.401428	0.356548	-0.843641	0.347468	0.911540	0.219910	0.427586	0.285812	0.113202	48	61	54	47	43	0	36	1	2	41	53	35	37	3	63	4	48	5	6	55	59	7	8	9	10	11	12	38	56	13	14	15	62	52	51	45	50	16	49	17	39	18	32	31	34	19	60	33	46	20	21	40	57	22	23	24	42	25	26	27	44	28	29	30	58	
250.564774	131.331146	1296.600098	4.316495	0.847421	-0.204860	-0.489807	-0.529327	-0.254534	-0.809337	0.041129	0.945116	-0.324135	0.427586	0.285812	0.113202	48	63	41	35	36	42	31	0	1	48	32	2	27	54	61	3	4	51	29	52	62	5	6	7	8	38	30	45	53	9	60	10	57	44	47	39	55	37	46	11	40	12	13	14	33	34	59	15	43	16	17	18	58	19	20	21	28	22	23	24	50	25	49	26	56	
250.564774	131.331146	1296.600098	4.316495	-0.824838	-0.463637	0.323547	0.559003	-0.754437	0.344006	0.084601	0.464613	0.881463	0.427586	0.285812	0.113202	48	58	39	23	0	38	30	1	2	47	29	3	4	57	54	5	6	56	43	51	61	7	8	9	10	45	35	37	48	53	63	11	46	52	50	36	42	41	44	12	24	13	33	14	15	16	59	17	25	32	40	31	62	27	28	22	34	18	26	19	49	20	55	21	60	
250.564774	131.331146	1296.600098	4.316495	-0.824838	-0.463637	0.323547	-0.457066	0.210013	-0.864283	0.332764	-0.860776	-0.385140	0.427586	0.285812	0.113202	48	50	55	49	41	43	0	46	1	39	33	29	2	59	3	51	4	5	6	57	37	7	8	47	9	10	11	32	12	13	14	58	15	53	60	38	44	16	17	18	19	54	45	36	20	62	21	48	22	40	42	61	52	23	24	34	25	30	31	56	26	35	27	63	28	
279.577972	131.820190	1297.263062	4.440395	-0.854117	0.459906	-0.242839	-0.017711	0.440934	0.897365	-0.519779	-0.770756	0.368464	0.502177	0.290413	0.083449	16	48	54	62	32	0	1	2	3	4	38	56	36	5	6	53	63	39	35	60	27	7	8	42	9	10	11	50	28	12	13	57	52	26	61	14	29	15	34	16	17	18	47	19	40	20	49	21	59	37	55	44	51	22	43	33	45	23	31	24	30	25	46	41	58	
279.577972	131.820190	1297.263062	4.440395	-0.784785	-0.197056	-0.587606	0.577877	0.109994	-0.808678	0.223988	-0.974202	0.027553	0.502177	0.290413	0.083449	48	53	55	43	39	46	42	29	0	24	1	2	3	56	47	41	23	30	28	61	40	26	4	48	5	25	6	38	7	49	8	60	9	36	59	10	27	11	44	12	13	35	37	14	15	57	52	16	17	50	54	51	58	18	19	32	20	33	31	45	34	63	21	62	22	
140.624557	86.579803	1299.623901	4.067050	-0.051286	-0.271036	0.961202	-0.653759	0.736697	0.172849	-0.754963	-0.619530	-0.214975	0.208479	0.078779	0.052290	16	57	0	1	2	3	4	5	6	53	7	8	9	56	10	11	12	61	13	14	15	16	17	18	19	54	20	21	22	60	23	24	25	62	26	27	28	52	29	30	31	51	32	33	34	63	35	36	37	59	38	55	39	49	40	41	42	50	43	44	45	58	46	47	48	
140.624557	86.579803	1299.623901	4.067050	0.590575	0.172498	0.788331	-0.806941	0.136264	0.574699	-0.008287	-0.975539	0.219670	0.208479	0.078779	0.052290	48	57	53	0	1	2	3	4	5	58	59	6	7	8	9	10	11	55	54	60	50	12	13	14	15	49	51	52	47	16	17	18	19	44	56	20	21	22	23	24	25	26	62	27	28	29	30	31	32	43	61	46	48	33	34	35	36	37	63	38	45	39	40	41	42	
233.704208	117.953514	1299.150024	4.081746	-0.987399	-0.054849	-0.148445	0.029446	0.857961	-0.512871	0.155490	-0.510779	-0.845534	0.549551	0.173410	0.123319	16	0	57	42	63	1	44	43	40	2	3	4	5	45	56	54	53	6	7	52	61	8	9	50	38	32	10	33	35	11	12	62	47	13	59	14	51	15	48	16	31	17	41	18	37	19	60	30	46	20	21	22	58	23	24	25	39	26	27	28	49	29	34	36	55	
233.704208	117.953514	1299.150024	4.081746	-0.399063	0.401467	-0.824362	0.897393	-0.013569	-0.441024	-0.188243	-0.915773	-0.354859	0.549551	0.173410	0.123319	48	54	0	47	1	46	26	38	2	27	3	34	4	60	32	40	5	33	28	58	6	7	8	41	9	29	10	51	11	49	12	57	13	53	56	48	43	39	50	14	15	30	35	16	17	59	61	18	19	31	42	62	45	20	21	22	23	37	36	63	24	52	44	55	25	
148.458984	125.497360	1302.575195	4.047968	-0.155354	0.184555	-0.970466	0.663859	-0.707993	-0.240912	-0.731544	-0.681679	-0.012528	0.215771	0.066739	0.021589	16	0	1	61	2	3	4	51	5	6	7	49	8	56	9	60	10	11	12	58	13	14	15	16	17	18	19	55	20	21	22	57	23	24	25	59	26	27	28	48	29	30	31	53	32	52	33	54	34	35	36	62	37	38	39	40	41	42	43	63	44	45	46	50	47	
148.458984	125.497360	1302.575195	4.047968	0.354566	-0.405762	0.842401	-0.837162	0.263516	0.479290	-0.416463	-0.875167	-0.246255	0.215771	0.066739	0.021589	48	56	46	48	0	1	2	3	4	58	49	57	5	6	7	8	9	45	10	60	11	12	13	14	15	41	16	63	17	18	19	20	21	59	55	22	23	24	25	26	27	54	62	42	28	29	30	31	32	47	50	53	61	33	34	35	36	44	43	52	51	37	38	39	40	
219.755798	74.419907	1307.056519	4.094307	-0.319058	0.758207	0.568617	0.942171	0.188833	0.276869	-0.102550	-0.624071	0.774609	0.198683	0.106924	0.032071	16	52	54	0	1	57	45	2	3	4	5	6	7	59	44	8	9	56	53	10	11	55	42	12	13	14	15	16	17	63	43	18	19	20	60	21	22	23	46	24	25	26	47	27	28	49	58	29	30	31	61	32	33	34	50	35	36	37	48	38	39	51	62	40	41	
219.755798	74.419907	1307.056519	4.094307	-0.807136	0.590297	0.008941	0.568881	0.781723	-0.255508	-0.157816	-0.201144	-0.966766	0.198683	0.106924	0.032071	48	56	43	33	0	1	2	3	4	60	51	5	6	52	7	8	9	58	45	55	47	10	11	12	13	61	48	44	35	37	14	15	16	42	57	36	40	31	17	30	18	53	62	19	34	50	46	20	21	32	59	22	54	23	24	25	26	39	63	27	49	38	41	28	29	
277.615570	80.593597	1307.603760	4.281487	-0.506719	-0.095636	-0.856791	0.692555	-0.637022	-0.338482	-0.513423	-0.764890	0.389024	0.209952	0.113452	0.043636	16	0	1	2	3	50	63	4	5	6	7	8	9	54	57	10	11	12	45	13	46	47	52	14	49	15	16	17	18	59	60	19	48	20	21	22	23	24	62	25	26	27	28	29	30	31	56	32	33	34	35	36	51	37	55	38	61	39	40	41	42	43	58	44	53	
277.615570	80.593597	1307.603760	4.281487	-0.833519	0.552415	-0.009125	0.552483	0.833303	-0.019204	-0.003004	-0.021049	-0.999774	0.209952	0.113452	0.043636	48	55	0	42	1	2	3	4	5	63	6	50	7	45	8	48	9	44	10	60	11	12	13	14	15	40	16	62	17	18	19	56	20	54	57	21	22	23	24	25	26	59	61	27	28	29	30	39	31	49	51	58	53	32	33	34	35	41	43	52	47	36	37	46	38	
264.171539	136.944519	1308.714233	4.012432	-0.998188	-0.024690	-0.054872	-0.049044	-0.194507	0.979674	-0.034861	0.980590	0.192944	0.720410	0.379975	0.167321	16	59	0	1	2	43	38	31	33	42	3	4	5	57	46	6	7	63	8	53	9	45	34	44	10	11	12	13	14	55	37	61	15	47	56	16	17	18	49	19	20	21	22	23	24	36	58	25	26	51	62	41	52	32	50	35	40	27	28	29	30	39	60	48	54	
264.171539	136.944519	1308.714233	4.012432	-0.790131	0.172361	-0.588204	0.612522	0.257397	-0.747371	0.022584	-0.950809	-0.308953	0.720410	0.379975	0.167321	48	51	58	46	38	39	44	0	1	36	37	2	3	56	63	4	5	34	31	62	57	6	7	8	9	33	32	47	52	45	53	48	61	30	55	10	42	11	43	12	13	29	40	14	15	28	60	16	17	18	41	19	59	20	21	22	23	24	35	25	49	26	50	27	54	
264.171539	136.944519	1308.714233	4.012432	-0.790131	0.172361	-0.588204	-0.608885	-0.110538	0.785520	0.070374	0.978812	0.192288	0.720410	0.379975	0.167321	48	58	33	39	0	1	2	3	4	49	5	36	6	56	7	50	8	42	9	57	10	11	12	43	13	29	14	40	28	15	16	59	17	46	62	31	18	19	20	21	22	48	53	32	23	61	47	54	44	38	51	60	52	24	25	45	37	30	34	41	35	26	27	63	55	
264.171539	136.944519	1308.714233	4.012432	0.804790	0.229839	-0.547254	-0.591084	0.226212	-0.774240	-0.054155	0.946574	0.317907	0.720410	0.379975	0.167321	48	55	27	41	0	43	1	2	3	39	4	5	6	59	7	8	9	40	26	62	10	34	33	11	12	36	13	49	14	50	15	54	16	56	52	35	46	44	42	17	18	29	31	19	20	58	57	21	22	38	37	61	63	23	28	24	25	30	32	51	45	53	47	60	48	
264.171539	136.944519	1308.714233	4.012432	0.804790	0.229839	-0.547254	0.572036	-0.054298	0.818429	0.158392	-0.971713	-0.175175	0.720410	0.379975	0.167321	48	62	55	34	30	0	1	31	28	52	51	2	29	50	59	42	54	47	41	48	61	3	4	39	45	32	27	33	37	5	6	53	63	7	60	8	40	9	10	11	35	12	46	13	36	14	56	15	49	16	43	17	57	18	19	20	44	21	22	23	38	24	25	26	58	
